Latitude,Longitude,Elevation,Distance,Orientation
37.08982300,-88.59664200,100.00,0.00,243.01
37.08975800,-88.59680200,102.00,0.00,243.27
37.08925100,-88.59806400,102.00,0.00,242.95
37.08871700,-88.59937500,102.00,0.00,0.00
37.08871700,-88.59937500,102.00,0.00,153.19
37.08778400,-88.59878400,104.00,0.00,153.18
37.08771300,-88.59873900,104.00,0.00,153.23
37.08764500,-88.59869600,104.00,0.00,153.04
37.08743800,-88.59856400,104.00,0.01,153.19
37.08669300,-88.59809200,108.00,0.01,153.28
37.08621600,-88.59779100,105.00,0.01,153.22
37.08568500,-88.59745500,106.00,0.01,152.21
37.08468000,-88.59679100,105.00,0.01,152.73
37.08369900,-88.59615700,106.00,0.01,153.12
37.08348500,-88.59602100,104.00,0.01,153.25
37.08245800,-88.59537200,104.00,0.01,138.23
37.08234100,-88.59524100,104.00,0.01,132.77
37.08215800,-88.59499300,105.00,0.01,123.43
37.08200000,-88.59469300,105.00,0.01,120.36
37.08164300,-88.59392900,102.00,0.01,121.08
37.08140400,-88.59343200,100.00,0.01,131.88
37.08121300,-88.59316500,103.00,0.01,141.30
37.08098500,-88.59293600,103.00,0.01,148.75
37.08081800,-88.59280900,103.00,0.01,140.43
37.08062300,-88.59260700,103.00,0.01,155.54
37.07979700,-88.59213600,102.00,0.02,153.42
37.07776100,-88.59085900,102.00,0.02,153.39
37.07709200,-88.59043900,103.00,0.02,0.00
37.07709200,-88.59043900,103.00,0.02,153.38
37.07536800,-88.58935600,103.00,0.02,153.39
37.07257800,-88.58760400,103.00,0.02,153.13
37.07167900,-88.58703300,105.00,0.02,153.01
37.07116200,-88.58670300,104.00,0.03,152.05
37.07053200,-88.58628400,104.00,0.03,146.92
37.07021600,-88.58602600,101.00,0.03,138.13
37.06994000,-88.58571600,100.00,0.03,131.61
37.06965800,-88.58531800,103.00,0.03,124.24
37.06907800,-88.58425000,106.00,0.03,124.42
37.06839500,-88.58300100,110.00,0.03,134.41
37.06817300,-88.58271700,104.00,0.03,134.48
37.06805000,-88.58256000,103.00,0.03,148.04
37.06759600,-88.58220500,102.00,0.03,155.83
37.06754800,-88.58217800,102.00,0.03,157.24
37.06735400,-88.58207600,101.00,0.03,158.72
37.06591400,-88.58137300,100.00,0.03,157.50
37.06560000,-88.58121000,100.00,0.03,159.36
37.06459600,-88.58073600,102.00,0.03,155.93
37.06435300,-88.58060000,102.00,0.03,151.91
37.06420500,-88.58050100,102.00,0.03,148.17
37.06406100,-88.58038900,104.00,0.03,143.25
37.06385900,-88.58020000,107.00,0.04,138.83
37.06373400,-88.58006300,107.00,0.04,135.02
37.06361900,-88.57991900,106.00,0.04,131.65
37.06350900,-88.57976400,106.00,0.04,127.83
37.06340800,-88.57960100,103.00,0.04,123.72
37.06317900,-88.57917100,102.00,0.04,122.07
37.06311500,-88.57904300,104.00,0.04,122.34
37.06169300,-88.57622900,103.00,0.04,122.34
37.06121300,-88.57527900,104.00,0.04,122.19
37.06068600,-88.57423000,104.00,0.04,122.39
37.05951700,-88.57192100,104.00,0.05,122.39
37.05903200,-88.57096300,104.00,0.05,122.58
37.05864900,-88.57021200,105.00,0.05,125.75
37.05844100,-88.56985000,108.00,0.05,129.22
37.05821500,-88.56950300,110.00,0.05,132.11
37.05809600,-88.56933800,111.00,0.05,134.92
37.05790900,-88.56910300,111.00,0.05,137.70
37.05698800,-88.56805300,111.00,0.05,137.72
37.05544000,-88.56628900,109.00,0.05,138.28
37.05488600,-88.56567000,107.00,0.05,142.29
37.05469400,-88.56548400,107.00,0.05,145.02
37.05462100,-88.56542000,107.00,0.05,145.47
37.05456300,-88.56537000,107.00,0.05,149.07
37.05423800,-88.56512600,106.00,0.05,153.16
37.05408500,-88.56502900,106.00,0.05,156.13
37.05387400,-88.56491200,108.00,0.05,159.74
37.05359300,-88.56478200,108.00,0.05,163.58
37.05346300,-88.56473400,108.00,0.05,163.53
37.05338200,-88.56470400,110.00,0.05,166.89
37.05317300,-88.56464300,106.00,0.05,170.06
37.05295900,-88.56459600,103.00,0.05,173.56
37.05266900,-88.56455500,105.00,0.05,176.91
37.05252100,-88.56454500,105.00,0.06,180.46
37.05222100,-88.56454800,103.00,0.06,185.59
37.05178100,-88.56460200,98.00,0.06,187.38
37.05117700,-88.56470000,105.00,0.06,187.39
37.05022300,-88.56485500,106.00,0.06,190.84
37.04999800,-88.56490900,106.00,0.06,196.23
37.04983900,-88.56496700,106.00,0.06,203.00
37.04941400,-88.56519300,104.00,0.06,203.10
37.04928300,-88.56526300,104.00,0.06,227.11
37.04917400,-88.56541000,103.00,0.06,124.26
37.04909300,-88.56526100,103.00,0.06,126.59
37.04904500,-88.56518000,103.00,0.06,123.01
37.04866700,-88.56445100,107.00,0.06,117.63
37.04841300,-88.56384300,106.00,0.06,115.81
37.04830300,-88.56355800,107.00,0.06,111.04
37.04791100,-88.56228100,104.00,0.06,106.00
37.04752400,-88.56059000,108.00,0.06,106.45
37.04741700,-88.56013600,107.00,0.06,106.28
37.04729600,-88.55961700,106.00,0.07,106.16
37.04700200,-88.55834600,102.00,0.07,106.11
37.04669500,-88.55701400,104.00,0.07,106.22
37.04599000,-88.55397800,104.00,0.07,106.68
37.04560500,-88.55236800,106.00,0.07,106.72
37.04542300,-88.55160900,105.00,0.07,112.94
37.04512500,-88.55072700,104.00,0.07,118.37
37.04478400,-88.54993600,104.00,0.08,125.76
37.04377300,-88.54817700,102.00,0.08,129.63
37.04291900,-88.54688500,101.00,0.09,129.35
37.03802000,-88.53940000,110.00,0.09,128.90
37.03767600,-88.53886600,109.00,0.09,129.16
37.03726900,-88.53824000,107.00,0.09,129.81
37.03658300,-88.53720900,111.00,0.09,133.12
37.03643200,-88.53700700,111.00,0.09,137.15
37.03625300,-88.53679900,117.00,0.09,138.09
37.03608400,-88.53660900,118.00,0.09,140.72
37.03592100,-88.53644200,118.00,0.09,142.49
37.03568700,-88.53621700,115.00,0.09,143.92
37.03549200,-88.53603900,114.00,0.09,149.16
37.03525000,-88.53585800,114.00,0.09,152.53
37.03503500,-88.53571800,115.00,0.09,155.66
37.03485500,-88.53561600,116.00,0.09,159.13
37.03460800,-88.53549800,116.00,0.09,162.81
37.03423900,-88.53535500,116.00,0.09,163.52
37.03333500,-88.53502000,120.00,0.09,163.33
37.03291900,-88.53486400,121.00,0.09,165.82
37.03266000,-88.53478200,121.00,0.09,162.46
37.03221800,-88.53460700,120.00,0.10,163.90
37.03113400,-88.53421500,126.00,0.10,163.56
37.02944800,-88.53359200,118.00,0.10,163.34
37.02851400,-88.53324200,123.00,0.10,164.00
37.02788200,-88.53301500,121.00,0.10,163.19
37.02777100,-88.53297300,121.00,0.10,67.36
37.02809800,-88.53199100,120.00,0.10,64.04
37.02818000,-88.53178000,121.00,0.10,55.26
37.02834500,-88.53148200,118.00,0.10,56.60
37.02936500,-88.52954400,125.00,0.10,54.94
37.02957900,-88.52916200,118.00,0.11,48.34
37.03053000,-88.52782300,120.00,0.11,41.22
37.03317100,-88.52492500,94.00,0.11,0.00
37.03317100,-88.52492500,94.00,0.12,41.21
37.03816100,-88.51945100,96.00,0.12,42.34
37.03921500,-88.51824800,104.00,0.12,41.71
37.04076000,-88.51652300,106.00,0.12,42.38
37.04169600,-88.51545300,103.00,0.12,46.93
37.04199300,-88.51505500,102.00,0.12,51.29
37.04218300,-88.51475800,101.00,0.12,55.08
37.04239200,-88.51438300,101.00,0.12,59.67
37.04268200,-88.51376200,103.00,0.12,331.43
37.04285200,-88.51387800,106.00,0.13,333.05
37.04540800,-88.51550600,107.00,0.13,61.02
37.04551500,-88.51526400,106.00,0.13,62.82
37.04559000,-88.51508100,107.00,0.13,64.01
37.04566200,-88.51489600,106.00,0.13,64.99
37.04573200,-88.51470800,106.00,0.13,66.16
37.04579900,-88.51451800,106.00,0.13,67.33
37.04586300,-88.51432600,107.00,0.13,68.72
37.04592300,-88.51413300,108.00,0.13,70.21
37.04597900,-88.51393800,108.00,0.13,71.19
37.04603200,-88.51374300,108.00,0.13,72.44
37.04608200,-88.51354500,107.00,0.13,73.67
37.04612900,-88.51334400,105.00,0.13,74.88
37.04617300,-88.51314000,105.00,0.13,75.87
37.04621400,-88.51293600,106.00,0.13,77.17
37.04623800,-88.51280400,106.00,0.13,77.17
37.04625200,-88.51272700,107.00,0.13,78.69
37.04628600,-88.51251400,107.00,0.13,79.81
37.04631700,-88.51229800,107.00,0.13,81.50
37.04634300,-88.51208000,105.00,0.13,82.86
37.04636500,-88.51186000,103.00,0.13,84.04
37.04638400,-88.51163200,101.00,0.13,86.07
37.04639600,-88.51141300,101.00,0.13,87.10
37.04641400,-88.51096800,102.00,0.13,88.47
37.04641900,-88.51073400,104.00,0.13,90.29
37.04641800,-88.51048500,105.00,0.13,92.03
37.04641300,-88.51030800,105.00,0.13,92.22
37.04640600,-88.51008200,107.00,0.13,94.42
37.04637900,-88.50964400,108.00,0.13,95.04
37.04635900,-88.50936000,109.00,0.13,96.32
37.04634600,-88.50921300,109.00,0.13,95.50
37.04632800,-88.50897900,109.00,0.13,94.95
37.04631500,-88.50879100,109.00,0.13,95.53
37.04629600,-88.50854500,108.00,0.14,95.50
37.04624300,-88.50785500,109.00,0.14,95.62
37.04617000,-88.50692500,109.00,0.14,95.19
37.04612400,-88.50629100,106.00,0.14,95.71
37.04610700,-88.50607800,107.00,0.14,95.16
37.04607600,-88.50564800,106.00,0.14,95.57
37.04600900,-88.50478800,104.00,0.14,94.82
37.04598000,-88.50435700,106.00,0.14,93.51
37.04595900,-88.50392800,106.00,0.14,92.35
37.04595200,-88.50371400,106.00,0.14,90.67
37.04595000,-88.50349900,105.00,0.14,90.00
37.04595000,-88.50328600,105.00,0.14,88.99
37.04595600,-88.50286100,105.00,0.14,86.96
37.04597400,-88.50243600,105.00,0.14,85.56
37.04598700,-88.50222600,105.00,0.14,84.84
37.04600200,-88.50201800,106.00,0.14,83.41
37.04602100,-88.50181200,107.00,0.14,82.25
37.04605000,-88.50154500,107.00,0.14,82.29
37.04606600,-88.50139700,107.00,0.14,81.22
37.04609200,-88.50118600,107.00,0.14,80.18
37.04612100,-88.50097600,104.00,0.14,79.05
37.04615900,-88.50073000,103.00,0.14,78.41
37.04618700,-88.50055900,103.00,0.14,77.55
37.04622400,-88.50034900,104.00,0.14,76.32
37.04626500,-88.50013800,105.00,0.14,75.36
37.04630900,-88.49992700,106.00,0.14,74.34
37.04635600,-88.49971700,107.00,0.14,73.16
37.04640600,-88.49951000,106.00,0.14,72.13
37.04645900,-88.49930400,106.00,0.14,71.33
37.04651700,-88.49908900,106.00,0.14,70.16
37.04657200,-88.49889800,106.00,0.14,69.28
37.04663300,-88.49869600,107.00,0.14,68.66
37.04669600,-88.49849400,110.00,0.15,67.49
37.04682800,-88.49809500,110.00,0.15,65.26
37.04697400,-88.49769800,108.00,0.15,64.36
37.04745700,-88.49643700,107.00,0.15,64.20
37.04780700,-88.49553000,104.00,0.15,0.00
37.04780700,-88.49553000,104.00,0.15,64.13
37.04799700,-88.49503900,104.00,0.15,61.33
37.04805200,-88.49491300,104.00,0.15,67.33
37.04809200,-88.49479300,104.00,0.15,64.70
37.04813500,-88.49467900,104.00,0.15,65.45
37.04833700,-88.49412500,107.00,0.15,67.33
37.04840100,-88.49393300,107.00,0.15,68.28
37.04846300,-88.49373800,107.00,0.15,69.85
37.04852100,-88.49354000,105.00,0.15,71.31
37.04857500,-88.49334000,105.00,0.15,72.29
37.04862700,-88.49313600,105.00,0.15,73.72
37.04867500,-88.49293000,104.00,0.15,74.51
37.04872100,-88.49272200,104.00,0.15,75.84
37.04875000,-88.49257800,104.00,0.15,77.37
37.04879900,-88.49230400,105.00,0.15,78.09
37.04883400,-88.49209600,107.00,0.15,79.95
37.04886400,-88.49188400,107.00,0.15,80.60
37.04889200,-88.49167200,106.00,0.15,82.33
37.04891500,-88.49145800,106.00,0.15,83.59
37.04893400,-88.49124600,106.00,0.15,84.98
37.04894900,-88.49103200,107.00,0.15,85.96
37.04896100,-88.49081900,107.00,0.15,86.98
37.04897000,-88.49060500,107.00,0.15,88.66
37.04897400,-88.49039100,106.00,0.15,90.00
37.04897400,-88.49018000,105.00,0.15,91.56
37.04897000,-88.48999600,105.00,0.15,91.75
37.04896100,-88.48962700,107.00,0.15,95.08
37.04895100,-88.48948600,107.00,0.15,96.28
37.04892000,-88.48913300,108.00,0.15,97.33
37.04887700,-88.48871400,108.00,0.16,98.43
37.04875400,-88.48767400,106.00,0.16,98.70
37.04860100,-88.48642200,107.00,0.16,98.82
37.04854400,-88.48596200,106.00,0.16,98.15
37.04847100,-88.48532300,107.00,0.16,98.90
37.04842000,-88.48491500,108.00,0.16,98.56
37.04836700,-88.48447400,107.00,0.16,98.11
37.04834300,-88.48426300,106.00,0.16,98.60
37.04823600,-88.48337700,104.00,0.16,98.36
37.04811500,-88.48234600,105.00,0.16,98.54
37.04782100,-88.47989300,107.00,0.16,98.79
37.04778200,-88.47957700,107.00,0.16,97.85
37.04777100,-88.47947700,105.00,0.16,98.35
37.04774500,-88.47925500,104.00,0.16,98.90
37.04771900,-88.47904700,104.00,0.17,98.37
37.04762100,-88.47821200,107.00,0.17,98.75
37.04751800,-88.47737400,107.00,0.17,98.09
37.04747000,-88.47695100,107.00,0.17,97.27
37.04744800,-88.47673500,108.00,0.17,96.65
37.04742500,-88.47648800,108.00,0.17,95.79
37.04739200,-88.47608000,107.00,0.17,93.92
37.04734400,-88.47520200,108.00,0.17,94.48
37.04733600,-88.47507400,108.00,0.17,93.90
37.04733100,-88.47498200,108.00,0.17,95.11
37.04732300,-88.47487000,108.00,0.17,94.25
37.04726400,-88.47387500,105.00,0.17,93.55
37.04725900,-88.47377400,105.00,0.17,94.05
37.04721400,-88.47297800,107.00,0.17,93.46
37.04720300,-88.47275000,108.00,0.17,94.98
37.04718700,-88.47252000,108.00,0.17,93.15
37.04716800,-88.47208800,108.00,0.17,94.49
37.04713900,-88.47162500,106.00,0.17,94.47
37.04711100,-88.47117600,105.00,0.17,93.44
37.04709200,-88.47078000,105.00,0.17,94.36
37.04704000,-88.46992500,107.00,0.17,93.83
37.04700400,-88.46925100,107.00,0.17,93.66
37.04698600,-88.46889800,107.00,0.17,92.89
37.04697700,-88.46867500,108.00,0.18,91.76
37.04697000,-88.46839000,109.00,0.18,90.44
37.04696900,-88.46822500,110.00,0.18,88.82
37.04697400,-88.46792000,112.00,0.18,86.84
37.04698900,-88.46758000,113.00,0.18,85.93
37.04699900,-88.46740400,113.00,0.18,83.96
37.04701900,-88.46716700,111.00,0.18,82.21
37.04705700,-88.46681900,109.00,0.18,81.06
37.04708600,-88.46658800,106.00,0.18,79.31
37.04709700,-88.46651500,106.00,0.18,81.23
37.04710500,-88.46645000,106.00,0.18,76.92
37.04714300,-88.46624500,104.00,0.18,75.72
37.04724700,-88.46573300,109.00,0.18,74.27
37.04728500,-88.46556400,109.00,0.18,76.95
37.04731200,-88.46541800,109.00,0.18,74.56
37.04734000,-88.46529100,109.00,0.18,72.08
37.04737200,-88.46516700,107.00,0.18,69.31
37.04741300,-88.46503100,107.00,0.18,69.61
37.04748300,-88.46479500,107.00,0.18,68.25
37.04754700,-88.46459400,106.00,0.18,67.44
37.04760900,-88.46440700,106.00,0.18,66.19
37.04770900,-88.46412300,108.00,0.18,65.62
37.04782400,-88.46380500,111.00,0.18,65.63
37.04799500,-88.46333200,110.00,0.18,65.82
37.04817200,-88.46283800,110.00,0.18,65.26
37.04835700,-88.46233500,114.00,0.18,65.65
37.04854700,-88.46180900,116.00,0.18,66.04
37.04866900,-88.46146500,116.00,0.18,65.47
37.04873200,-88.46129200,116.00,0.18,65.73
37.04903000,-88.46046400,113.00,0.18,65.28
37.04906600,-88.46036600,113.00,0.18,65.58
37.04926600,-88.45981400,113.00,0.18,65.67
37.04944500,-88.45931800,109.00,0.19,65.45
37.04976000,-88.45845400,113.00,0.19,65.26
37.04981700,-88.45829900,113.00,0.19,65.39
37.05009300,-88.45754400,113.00,0.19,65.74
37.05040200,-88.45668500,113.00,0.19,65.71
37.05052300,-88.45634900,117.00,0.19,65.41
37.05069500,-88.45587800,117.00,0.19,65.43
37.05072200,-88.45580400,117.00,0.19,65.54
37.05119900,-88.45449000,117.00,0.19,65.87
37.05133700,-88.45410400,118.00,0.19,65.44
37.05169000,-88.45313600,122.00,0.19,65.65
37.05183300,-88.45274000,123.00,0.19,65.85
37.05197400,-88.45234600,123.00,0.19,65.38
37.05211700,-88.45195500,123.00,0.19,65.62
37.05223200,-88.45163700,121.00,0.19,65.52
37.05240500,-88.45116100,119.00,0.19,65.47
37.05255800,-88.45074100,124.00,0.19,65.34
37.05270200,-88.45034800,123.00,0.19,65.46
37.05280000,-88.45007900,121.00,0.20,65.60
37.05320400,-88.44896300,123.00,0.20,65.48
37.05347700,-88.44821300,122.00,0.20,65.89
37.05354700,-88.44801700,122.00,0.20,65.43
37.05368600,-88.44763600,125.00,0.20,65.69
37.05382300,-88.44725600,125.00,0.20,66.45
37.05388700,-88.44707200,125.00,0.20,65.59
37.05407500,-88.44655300,129.00,0.20,64.88
37.05413600,-88.44639000,129.00,0.20,65.29
37.05430200,-88.44593800,133.00,0.20,65.73
37.05443300,-88.44557400,133.00,0.20,65.11
37.05457000,-88.44520400,131.00,0.20,64.44
37.05464100,-88.44501800,131.00,0.20,63.25
37.05471500,-88.44483400,132.00,0.20,61.65
37.05486700,-88.44448100,129.00,0.20,57.02
37.05495400,-88.44431300,132.00,0.20,55.63
37.05513300,-88.44398500,132.00,0.20,52.89
37.05522900,-88.44382600,133.00,0.20,51.05
37.05532900,-88.44367100,134.00,0.20,50.03
37.05543200,-88.44351700,134.00,0.20,47.51
37.05553800,-88.44337200,134.00,0.20,46.58
37.05564600,-88.44322900,138.00,0.20,44.31
37.05575800,-88.44309200,138.00,0.20,42.46
37.05587400,-88.44295900,138.00,0.20,40.32
37.05593700,-88.44289200,138.00,0.20,39.67
37.05611600,-88.44270600,135.00,0.20,37.68
37.05624000,-88.44258600,135.00,0.20,35.85
37.05636700,-88.44247100,134.00,0.20,34.24
37.05649600,-88.44236100,133.00,0.20,32.11
37.05675800,-88.44215500,130.00,0.20,31.80
37.05690600,-88.44204000,130.00,0.20,31.08
37.05704500,-88.44193500,130.00,0.20,30.08
37.05710700,-88.44189000,130.00,0.20,30.05
37.05718700,-88.44183200,130.00,0.20,31.28
37.05747200,-88.44161500,131.00,0.20,32.14
37.05761300,-88.44150400,133.00,0.20,33.25
37.05789300,-88.44127400,132.00,0.21,33.77
37.05803500,-88.44115500,132.00,0.21,34.70
37.05846600,-88.44078100,129.00,0.21,35.33
37.05875200,-88.44052700,131.00,0.21,34.63
37.05992700,-88.43951000,132.00,0.21,36.61
37.05998500,-88.43945600,132.00,0.21,34.73
37.06103600,-88.43854300,135.00,0.21,35.01
37.06120800,-88.43839200,134.00,0.21,34.99
37.06188300,-88.43780000,138.00,0.21,34.94
37.06210000,-88.43761000,139.00,0.21,34.63
37.06277600,-88.43702500,137.00,0.21,34.51
37.06318100,-88.43667600,135.00,0.21,36.16
37.06344200,-88.43643700,134.00,0.21,34.70
37.06357800,-88.43631900,134.00,0.21,35.55
37.06371200,-88.43619900,135.00,0.21,37.05
37.06384200,-88.43607600,137.00,0.21,38.37
37.06409600,-88.43582400,140.00,0.21,39.47
37.06434700,-88.43556500,139.00,0.21,40.81
37.06446900,-88.43543300,140.00,0.21,41.68
37.06459000,-88.43529800,140.00,0.21,42.44
37.06467900,-88.43519600,140.00,0.21,42.82
37.06471000,-88.43516000,140.00,0.21,43.88
37.06482700,-88.43501900,139.00,0.21,44.78
37.06494200,-88.43487600,140.00,0.21,45.51
37.06505800,-88.43472800,141.00,0.21,46.40
37.06517200,-88.43457800,145.00,0.21,47.33
37.06526100,-88.43445700,145.00,0.22,48.29
37.06539400,-88.43427000,148.00,0.22,49.59
37.06550200,-88.43411100,147.00,0.22,50.21
37.06560900,-88.43395000,145.00,0.22,51.09
37.06571400,-88.43378700,143.00,0.22,51.96
37.06581700,-88.43362200,143.00,0.22,52.73
37.06591900,-88.43345400,142.00,0.22,53.55
37.06601800,-88.43328600,142.00,0.22,54.20
37.06611700,-88.43311400,144.00,0.22,55.18
37.06621300,-88.43294100,142.00,0.22,56.21
37.06640200,-88.43258700,142.00,0.22,57.19
37.06677700,-88.43185800,136.00,0.22,57.46
37.06725600,-88.43091700,126.00,0.22,56.63
37.06755500,-88.43034800,126.00,0.22,55.64
37.06765700,-88.43016100,126.00,0.22,56.42
37.06785300,-88.42979100,128.00,0.22,54.59
37.06791200,-88.42968700,128.00,0.22,54.50
37.06794900,-88.42962200,128.00,0.22,52.99
37.06829000,-88.42905500,128.00,0.22,52.48
37.06842600,-88.42883300,129.00,0.22,51.13
37.06878100,-88.42828100,132.00,0.22,49.90
37.06904300,-88.42789100,135.00,0.22,48.97
37.06931100,-88.42750500,133.00,0.22,48.47
37.06940500,-88.42737200,132.00,0.22,47.42
37.06960000,-88.42710600,129.00,0.22,46.52
37.06980200,-88.42683900,129.00,0.22,45.61
37.07033000,-88.42616300,134.00,0.23,45.21
37.07121700,-88.42504300,134.00,0.23,44.81
37.07178400,-88.42433700,139.00,0.23,44.39
37.07201300,-88.42405600,138.00,0.23,43.47
37.07213000,-88.42391700,138.00,0.23,44.25
37.07247400,-88.42349700,140.00,0.23,43.23
37.07294000,-88.42294800,144.00,0.23,42.99
37.07332600,-88.42249700,144.00,0.23,42.42
37.07361500,-88.42216600,143.00,0.23,41.77
37.07384100,-88.42191300,143.00,0.23,42.13
37.07407300,-88.42165000,140.00,0.23,41.38
37.07466900,-88.42099200,138.00,0.23,40.83
37.07491000,-88.42073100,142.00,0.23,40.46
37.07515700,-88.42046700,145.00,0.23,39.90
37.07592600,-88.41966100,135.00,0.23,39.21
37.07605800,-88.41952600,135.00,0.23,38.58
37.07632600,-88.41925800,134.00,0.23,38.79
37.07698600,-88.41859300,128.00,0.23,38.15
37.07711700,-88.41846400,128.00,0.24,38.80
37.07724500,-88.41833500,123.00,0.24,38.15
37.07737500,-88.41820700,126.00,0.24,37.07
37.07750700,-88.41808200,121.00,0.24,37.51
37.07790300,-88.41770100,115.00,0.24,36.79
37.07834900,-88.41728300,120.00,0.24,36.50
37.07895600,-88.41672000,124.00,0.24,35.98
37.07921200,-88.41648700,124.00,0.24,35.37
37.07949300,-88.41623700,124.00,0.24,35.06
37.07989200,-88.41588600,123.00,0.24,35.50
37.08002400,-88.41576800,121.00,0.24,34.61
37.08011300,-88.41569100,121.00,0.24,34.62
37.08044000,-88.41540800,121.00,0.24,34.21
37.08073100,-88.41516000,121.00,0.24,33.87
37.08102700,-88.41491100,119.00,0.24,33.47
37.08131900,-88.41466900,116.00,0.24,32.94
37.08189900,-88.41419800,110.00,0.24,32.53
37.08233300,-88.41385100,108.00,0.24,32.29
37.08276100,-88.41351200,107.00,0.24,31.84
37.08319400,-88.41317500,111.00,0.24,31.18
37.08333900,-88.41306500,111.00,0.24,31.67
37.08418600,-88.41241000,112.00,0.24,31.94
37.08474900,-88.41197000,113.00,0.25,31.60
37.08503300,-88.41175100,112.00,0.25,32.31
37.08517300,-88.41164000,112.00,0.25,31.25
37.08531500,-88.41153200,112.00,0.25,32.26
37.08540600,-88.41146000,112.00,0.25,124.56
37.08535600,-88.41136900,113.00,0.25,125.10
37.08523600,-88.41115500,113.00,0.25,126.62
37.08513700,-88.41098800,117.00,0.25,126.74
37.08500600,-88.41076800,121.00,0.25,127.52
37.08485900,-88.41052800,121.00,0.25,126.18
37.08479600,-88.41042000,121.00,0.25,127.94
37.08472200,-88.41030100,120.00,0.25,128.08
37.08467700,-88.41022900,121.00,0.25,126.30
37.08460200,-88.41010100,121.00,0.25,127.16
37.08436800,-88.40971400,118.00,0.25,126.64
37.08426300,-88.40953700,118.00,0.25,126.95
37.08399600,-88.40909200,118.00,0.25,126.82
37.08370100,-88.40859800,117.00,0.25,127.24
37.08355000,-88.40834900,117.00,0.25,127.72
37.08321800,-88.40781100,115.00,0.25,126.46
37.08312900,-88.40766000,116.00,0.25,125.67
37.08305400,-88.40752900,114.00,0.25,124.69
37.08301700,-88.40746200,116.00,0.25,122.44
37.08294600,-88.40732200,116.00,0.25,120.43
37.08287900,-88.40717900,117.00,0.25,118.79
37.08284700,-88.40710600,117.00,0.25,116.94
37.08281700,-88.40703200,117.00,0.25,115.47
37.08277900,-88.40693200,118.00,0.25,113.08
37.08276200,-88.40688200,118.00,0.25,111.47
37.08273000,-88.40678000,118.00,0.25,108.99
37.08271600,-88.40672900,118.00,0.25,106.00
37.08268100,-88.40657600,118.00,0.25,103.04
37.08265200,-88.40641900,118.00,0.25,100.53
37.08261300,-88.40615600,118.00,0.25,102.02
37.08260400,-88.40610300,119.00,0.25,99.24
37.08252700,-88.40551000,121.00,0.25,98.82
37.08250000,-88.40529200,121.00,0.25,99.52
37.08246000,-88.40499300,123.00,0.25,100.17
37.08239000,-88.40450400,124.00,0.25,100.72
37.08233500,-88.40414000,125.00,0.25,99.77
37.08228800,-88.40379800,125.00,0.25,100.57
37.08226300,-88.40363000,125.00,0.25,99.68
37.08224000,-88.40346100,122.00,0.25,100.55
37.08220300,-88.40321200,121.00,0.26,98.83
37.08217300,-88.40297000,119.00,0.26,99.97
37.08207900,-88.40230000,118.00,0.26,100.97
37.08200000,-88.40178900,120.00,0.26,100.04
37.08197600,-88.40161900,121.00,0.26,101.59
37.08196700,-88.40156400,121.00,0.26,99.43
37.08190100,-88.40106600,118.00,0.26,99.87
37.08186200,-88.40078500,116.00,0.26,100.92
37.08183600,-88.40061600,116.00,0.26,100.04
37.08181200,-88.40044600,116.00,0.26,101.38
37.08179000,-88.40030900,116.00,0.26,99.21
37.08177900,-88.40022400,117.00,0.26,100.27
37.08175400,-88.40005100,117.00,0.26,97.73
37.08174100,-88.39993100,118.00,0.26,99.20
37.08169500,-88.39957500,119.00,0.26,99.97
37.08161800,-88.39902600,118.00,0.26,102.55
37.08159100,-88.39887400,116.00,0.26,100.04
37.08154300,-88.39853400,114.00,0.26,100.69
37.08143800,-88.39783700,114.00,0.26,99.66
37.08135100,-88.39719600,110.00,0.26,99.65
37.08126700,-88.39657700,110.00,0.26,100.09
37.08116000,-88.39582300,116.00,0.26,100.55
37.08109400,-88.39537900,114.00,0.26,100.18
37.08097100,-88.39452000,116.00,0.26,99.44
37.08083600,-88.39350200,122.00,0.27,98.97
37.08076900,-88.39297000,124.00,0.27,96.56
37.08067400,-88.39193500,121.00,0.27,95.77
37.08059700,-88.39098000,119.00,0.27,94.20
37.08058400,-88.39075800,117.00,0.27,94.87
37.08057700,-88.39065500,117.00,0.27,96.12
37.08056100,-88.39046800,115.00,0.27,95.79
37.08054700,-88.39029500,115.00,0.27,93.38
37.08053700,-88.39008300,116.00,0.27,92.79
37.08053000,-88.38990300,118.00,0.27,93.73
37.08051700,-88.38965300,119.00,0.27,90.84
37.08051500,-88.38948200,119.00,0.27,91.70
37.08051100,-88.38931300,118.00,0.27,90.64
37.08050900,-88.38909000,116.00,0.27,88.29
37.08051300,-88.38892200,116.00,0.27,86.09
37.08051900,-88.38881200,115.00,0.27,84.29
37.08053200,-88.38864900,115.00,0.27,81.50
37.08054500,-88.38854000,115.00,0.27,80.22
37.08055600,-88.38846000,118.00,0.27,78.49
37.08058200,-88.38830000,118.00,0.27,76.52
37.08064800,-88.38795500,119.00,0.27,75.20
37.08068700,-88.38777000,121.00,0.27,77.69
37.08074900,-88.38741400,121.00,0.27,79.08
37.08077900,-88.38721900,120.00,0.27,78.23
37.08084800,-88.38680400,124.00,0.27,78.70
37.08087000,-88.38666600,125.00,0.27,78.11
37.08091100,-88.38642200,125.00,0.27,78.89
37.08093200,-88.38628800,122.00,0.27,80.60
37.08093900,-88.38623500,122.00,0.27,79.29
37.08096600,-88.38605600,119.00,0.27,79.22
37.08101900,-88.38570700,117.00,0.27,80.36
37.08104800,-88.38549300,117.00,0.27,79.50
37.08109500,-88.38517500,119.00,0.27,78.25
37.08113400,-88.38494000,123.00,0.27,77.07
37.08115800,-88.38480900,123.00,0.27,76.29
37.08119400,-88.38462400,122.00,0.27,73.93
37.08124800,-88.38438900,120.00,0.27,71.89
37.08129600,-88.38420500,120.00,0.27,71.07
37.08132500,-88.38409900,118.00,0.27,70.33
37.08140000,-88.38383600,119.00,0.28,69.82
37.08168200,-88.38287400,122.00,0.28,69.51
37.08173000,-88.38271300,122.00,0.28,69.96
37.08191300,-88.38208400,121.00,0.28,70.53
37.08196800,-88.38188900,119.00,0.28,72.60
37.08198300,-88.38182900,119.00,0.28,70.71
37.08220800,-88.38102300,122.00,0.28,71.38
37.08225100,-88.38086300,126.00,0.28,69.47
37.08227400,-88.38078600,124.00,0.28,71.09
37.08232100,-88.38061400,124.00,0.28,70.10
37.08244200,-88.38019500,121.00,0.28,69.69
37.08254800,-88.37983600,123.00,0.28,68.52
37.08261800,-88.37961300,124.00,0.28,66.97
37.08267700,-88.37943900,124.00,0.28,65.08
37.08274000,-88.37926900,124.00,0.28,64.13
37.08280500,-88.37910100,123.00,0.28,62.70
37.08295900,-88.37872700,122.00,0.28,61.99
37.08320300,-88.37815200,121.00,0.28,61.97
37.08339200,-88.37770700,121.00,0.28,62.08
37.08370100,-88.37697600,124.00,0.28,61.65
37.08376900,-88.37681800,125.00,0.28,62.60
37.08389800,-88.37650600,127.00,0.28,62.17
37.08399400,-88.37627800,126.00,0.28,63.22
37.08402500,-88.37620100,126.00,0.28,61.79
37.08422100,-88.37574300,130.00,0.28,61.20
37.08459200,-88.37489700,126.00,0.28,60.75
37.08482700,-88.37437100,124.00,0.28,60.93
37.08497200,-88.37404400,126.00,0.29,61.38
37.08510000,-88.37375000,125.00,0.29,61.93
37.08519400,-88.37352900,126.00,0.29,61.22
37.08526500,-88.37336700,126.00,0.29,62.14
37.08533500,-88.37320100,124.00,0.29,61.75
37.08547900,-88.37286500,124.00,0.29,62.25
37.08562800,-88.37251000,124.00,0.29,62.68
37.08591400,-88.37181600,124.00,0.29,63.71
37.08598100,-88.37164600,123.00,0.29,61.54
37.08606100,-88.37146100,123.00,0.29,63.06
37.08613600,-88.37127600,122.00,0.29,61.88
37.08621400,-88.37109300,122.00,0.29,61.17
37.08628600,-88.37092900,122.00,0.29,62.36
37.08634700,-88.37078300,123.00,0.29,61.04
37.08643000,-88.37059500,119.00,0.29,61.64
37.08664400,-88.37009800,117.00,0.29,60.34
37.08697200,-88.36937600,121.00,0.29,59.90
37.08715000,-88.36899100,122.00,0.29,59.41
37.08742300,-88.36841200,123.00,0.29,60.05
37.08749700,-88.36825100,123.00,0.29,60.92
37.08763100,-88.36794900,121.00,0.29,61.88
37.08776100,-88.36764400,121.00,0.29,62.88
37.08782800,-88.36748000,117.00,0.29,64.04
37.08794100,-88.36718900,118.00,0.29,64.36
37.08806200,-88.36687300,117.00,0.29,63.37
37.08810400,-88.36676800,117.00,0.29,64.34
37.08822700,-88.36644700,116.00,0.29,65.21
37.08844400,-88.36585800,114.00,0.29,65.57
37.08849400,-88.36572000,115.00,0.29,64.59
37.08862700,-88.36536900,119.00,0.29,64.87
37.08886500,-88.36473300,118.00,0.30,64.26
37.08898000,-88.36443400,109.00,0.30,63.67
37.08910200,-88.36412500,109.00,0.30,62.89
37.08915100,-88.36400500,109.00,0.30,61.54
37.08929500,-88.36367200,109.00,0.30,60.61
37.08953400,-88.36314000,114.00,0.30,59.28
37.08960700,-88.36298600,116.00,0.30,60.28
37.08965800,-88.36287400,116.00,0.30,58.72
37.08970500,-88.36277700,117.00,0.30,57.42
37.08973100,-88.36272600,113.00,0.30,59.03
37.08991100,-88.36235000,114.00,0.30,60.03
37.09002000,-88.36211300,116.00,0.30,56.95
37.09006100,-88.36203400,116.00,0.30,103.99
37.09003000,-88.36187800,118.00,0.30,101.32
37.08998800,-88.36161500,116.00,0.30,102.65
37.08996400,-88.36148100,116.00,0.30,100.06
37.08983400,-88.36056200,119.00,0.30,100.54
37.08978500,-88.36023200,117.00,0.30,100.12
37.08973600,-88.35988800,117.00,0.30,100.68
37.08968200,-88.35952900,117.00,0.30,101.85
37.08964200,-88.35929000,117.00,0.30,102.84
37.08959400,-88.35902600,116.00,0.30,105.38
37.08953300,-88.35874800,116.00,0.30,107.62
37.08943900,-88.35837700,115.00,0.30,108.91
37.08939200,-88.35820500,116.00,0.30,108.55
37.08933900,-88.35800700,118.00,0.30,109.45
37.08928800,-88.35782600,118.00,0.30,110.93
37.08923400,-88.35764900,121.00,0.30,112.10
37.08917700,-88.35747300,121.00,0.30,117.18
37.08910900,-88.35730700,117.00,0.30,114.63
37.08904500,-88.35713200,116.00,0.30,115.39
37.08897800,-88.35695500,116.00,0.30,115.92
37.08884500,-88.35661200,111.00,0.30,116.10
37.08876800,-88.35641500,111.00,0.30,116.60
37.08862300,-88.35605200,109.00,0.30,115.47
37.08855500,-88.35587300,112.00,0.30,116.33
37.08849500,-88.35572100,110.00,0.30,116.02
37.08845100,-88.35560800,110.00,0.31,115.54
37.08821200,-88.35498100,110.00,0.31,116.32
37.08813900,-88.35479600,110.00,0.31,115.80
37.08799400,-88.35442000,110.00,0.31,116.44
37.08792100,-88.35423600,110.00,0.31,115.64
37.08778200,-88.35387300,114.00,0.31,116.38
37.08763800,-88.35350900,111.00,0.31,117.71
37.08748300,-88.35313900,107.00,0.31,117.05
37.08740600,-88.35295000,110.00,0.31,115.28
37.08711100,-88.35216700,110.00,0.31,115.07
37.08696400,-88.35177300,108.00,0.31,116.69
37.08688700,-88.35158100,102.00,0.31,115.26
37.08667400,-88.35101500,104.00,0.31,116.50
37.08660600,-88.35084400,105.00,0.31,117.36
37.08653500,-88.35067200,105.00,0.31,116.63
37.08643700,-88.35042700,106.00,0.31,115.49
37.08641000,-88.35035600,106.00,0.31,115.90
37.08620900,-88.34983700,106.00,0.31,115.36
37.08613300,-88.34963600,107.00,0.31,116.31
37.08601900,-88.34934700,107.00,0.31,115.84
37.08600200,-88.34930300,107.00,0.31,116.31
37.08597400,-88.34923200,107.00,0.31,115.07
37.08589900,-88.34903100,108.00,0.31,116.04
37.08582300,-88.34883600,106.00,0.31,115.52
37.08567600,-88.34845000,105.00,0.31,115.80
37.08535400,-88.34761500,105.00,0.31,116.43
37.08530800,-88.34749900,106.00,0.31,116.10
37.08488400,-88.34641400,109.00,0.31,115.94
37.08467600,-88.34587800,111.00,0.32,116.38
37.08460400,-88.34569600,110.00,0.32,115.30
37.08453500,-88.34551300,108.00,0.32,115.98
37.08403000,-88.34421400,116.00,0.32,117.03
37.08396000,-88.34404200,117.00,0.32,115.42
37.08389100,-88.34386000,118.00,0.32,115.90
37.08354900,-88.34297700,120.00,0.32,116.43
37.08348000,-88.34280300,120.00,0.32,115.94
37.08327700,-88.34228000,116.00,0.32,115.51
37.08321000,-88.34210400,116.00,0.32,116.18
37.08299900,-88.34156600,117.00,0.32,115.51
37.08285700,-88.34119300,118.00,0.32,116.54
37.08280600,-88.34106500,118.00,0.32,116.26
37.08270800,-88.34081600,119.00,0.32,115.75
37.08211800,-88.33928300,113.00,0.32,116.16
37.08206000,-88.33913500,113.00,0.32,115.74
37.08175500,-88.33834200,117.00,0.32,116.26
37.08160700,-88.33796600,121.00,0.32,115.29
37.08153500,-88.33777500,122.00,0.32,116.04
37.08138300,-88.33738500,124.00,0.32,116.13
37.08116700,-88.33683300,128.00,0.33,115.73
37.08102400,-88.33646100,126.00,0.33,115.14
37.08095400,-88.33627400,126.00,0.33,116.38
37.08088200,-88.33609200,126.00,0.33,115.41
37.08073800,-88.33571200,126.00,0.33,116.00
37.08037500,-88.33477900,126.00,0.33,116.34
37.08023400,-88.33442200,127.00,0.33,114.58
37.08018000,-88.33427400,127.00,0.33,116.52
37.08013900,-88.33417100,127.00,0.33,115.69
37.08003000,-88.33388700,129.00,0.33,115.34
37.07989100,-88.33351900,128.00,0.33,115.88
37.07981900,-88.33333300,128.00,0.33,116.47
37.07967200,-88.33296300,123.00,0.33,115.48
37.07951800,-88.33255800,124.00,0.33,116.70
37.07938800,-88.33223400,121.00,0.33,115.69
37.07931700,-88.33204900,121.00,0.33,116.95
37.07917100,-88.33168900,123.00,0.33,114.71
37.07903700,-88.33132400,118.00,0.33,116.26
37.07882600,-88.33078800,114.00,0.33,115.66
37.07868800,-88.33042800,112.00,0.33,114.85
37.07862000,-88.33024400,110.00,0.33,115.78
37.07839000,-88.32964700,106.00,0.33,0.00
37.07839000,-88.32964700,106.00,0.33,115.91
37.07834000,-88.32951800,106.00,0.33,116.48
37.07821400,-88.32920100,106.00,0.33,115.74
37.07812400,-88.32896700,105.00,0.33,116.40
37.07798100,-88.32860600,111.00,0.33,115.42
37.07784600,-88.32825000,108.00,0.33,116.31
37.07777500,-88.32807000,107.00,0.33,116.91
37.07762800,-88.32770700,106.00,0.33,114.90
37.07755800,-88.32751800,106.00,0.33,117.32
37.07748300,-88.32733600,107.00,0.34,116.25
37.07733900,-88.32697000,108.00,0.34,115.17
37.07727000,-88.32678600,112.00,0.34,116.09
37.07712700,-88.32642000,110.00,0.34,115.17
37.07698900,-88.32605200,117.00,0.34,114.44
37.07692300,-88.32587000,108.00,0.34,112.56
37.07686200,-88.32568600,108.00,0.34,109.80
37.07680800,-88.32549800,111.00,0.34,107.14
37.07676100,-88.32530700,111.00,0.34,104.59
37.07673400,-88.32517700,114.00,0.34,104.07
37.07672100,-88.32511200,114.00,0.34,101.80
37.07668900,-88.32492000,118.00,0.34,99.49
37.07666300,-88.32472500,114.00,0.34,95.56
37.07664800,-88.32453200,112.00,0.34,92.96
37.07664000,-88.32433800,110.00,0.34,89.25
37.07664200,-88.32414700,109.00,0.34,87.34
37.07664900,-88.32395800,109.00,0.34,84.35
37.07666400,-88.32376800,111.00,0.34,82.03
37.07668500,-88.32358000,112.00,0.34,80.54
37.07671000,-88.32339200,112.00,0.34,78.26
37.07674100,-88.32320500,109.00,0.34,77.54
37.07680800,-88.32282500,109.00,0.34,78.14
37.07684000,-88.32263400,111.00,0.34,77.47
37.07697400,-88.32187800,110.00,0.34,77.06
37.07718700,-88.32071600,111.00,0.34,77.44
37.07743400,-88.31932600,110.00,0.34,77.09
37.07753900,-88.31875200,110.00,0.34,77.48
37.07758100,-88.31851500,111.00,0.34,77.36
37.07764400,-88.31816300,110.00,0.34,77.56
37.07777000,-88.31744700,111.00,0.35,77.00
37.07781900,-88.31718100,110.00,0.35,77.52
37.07788700,-88.31679600,109.00,0.35,76.97
37.07792300,-88.31660100,109.00,0.35,78.17
37.07799000,-88.31620000,109.00,0.35,77.81
37.07802500,-88.31599700,110.00,0.35,76.67
37.07804900,-88.31587000,110.00,0.35,77.37
37.07809800,-88.31559600,110.00,0.35,76.85
37.07816100,-88.31525800,108.00,0.35,77.23
37.07824200,-88.31481000,108.00,0.35,76.81
37.07831400,-88.31442500,106.00,0.35,77.35
37.07854600,-88.31312900,106.00,0.35,76.63
37.07857900,-88.31295500,107.00,0.35,77.74
37.07860900,-88.31278200,107.00,0.35,77.25
37.07875700,-88.31196200,106.00,0.35,76.42
37.07878900,-88.31179600,105.00,0.35,77.63
37.07881700,-88.31163600,106.00,0.35,76.99
37.07887100,-88.31134300,107.00,0.35,77.75
37.07889300,-88.31121600,106.00,0.35,76.97
37.07894600,-88.31092900,107.00,0.35,132.40
37.07851400,-88.31033600,104.00,0.35,133.10
37.07740300,-88.30884800,110.00,0.35,135.36
37.07703300,-88.30839000,108.00,0.36,136.66
37.07638800,-88.30762700,113.00,0.36,136.33
37.07605200,-88.30722500,111.00,0.36,131.91
37.07594100,-88.30707000,110.00,0.36,127.54
37.07583800,-88.30690200,111.00,0.36,120.65
37.07575100,-88.30671800,110.00,0.36,114.29
37.07567900,-88.30651800,110.00,0.36,110.01
37.07561800,-88.30630800,111.00,0.36,106.94
37.07556600,-88.30609400,113.00,0.36,106.11
37.07546600,-88.30566000,120.00,0.36,104.85
37.07520200,-88.30441200,122.00,0.36,104.69
37.07495200,-88.30321700,131.00,0.36,107.44
37.07485600,-88.30283400,131.00,0.36,110.94
37.07479800,-88.30264400,131.00,0.36,114.39
37.07473000,-88.30245600,131.00,0.36,119.26
37.07465000,-88.30227700,132.00,0.36,123.33
37.07447000,-88.30193400,132.00,0.36,128.00
37.07436900,-88.30177200,133.00,0.36,131.50
37.07426100,-88.30161900,135.00,0.36,134.72
37.07414800,-88.30147600,135.00,0.36,138.68
37.07403000,-88.30134600,135.00,0.36,142.99
37.07390300,-88.30122600,135.00,0.36,147.10
37.07364400,-88.30101600,139.00,0.36,148.95
37.07337900,-88.30081600,142.00,0.36,150.46
37.07299600,-88.30054400,139.00,0.36,151.76
37.07284300,-88.30044100,139.00,0.36,154.97
37.07270800,-88.30036200,136.00,0.36,156.75
37.07257800,-88.30029200,136.00,0.36,162.18
37.07244400,-88.30023800,137.00,0.36,167.07
37.07215900,-88.30015600,138.00,0.37,172.32
37.07181000,-88.30009700,140.00,0.37,172.12
37.07141800,-88.30002900,141.00,0.37,169.22
37.07126300,-88.29999200,140.00,0.37,166.05
37.07111200,-88.29994500,140.00,0.37,162.53
37.07081800,-88.29982900,136.00,0.37,157.68
37.07054200,-88.29968700,136.00,0.37,153.25
37.06986600,-88.29926000,134.00,0.37,155.16
37.06959200,-88.29910100,134.00,0.37,159.64
37.06931900,-88.29897400,134.00,0.37,164.16
37.06918400,-88.29892600,134.00,0.37,169.17
37.06888800,-88.29885500,136.00,0.37,173.39
37.06813100,-88.29874500,133.00,0.37,171.98
37.06811400,-88.29874200,133.00,0.37,172.07
37.06769600,-88.29866900,135.00,0.37,166.44
37.06742800,-88.29858800,137.00,0.37,161.21
37.06729900,-88.29853300,137.00,0.37,154.93
37.06705000,-88.29838700,139.00,0.37,149.24
37.06693200,-88.29829900,137.00,0.37,146.61
37.06681700,-88.29820400,137.00,0.37,141.01
37.06660900,-88.29799300,133.00,0.37,135.50
37.06651400,-88.29787600,133.00,0.37,130.66
37.06642900,-88.29775200,132.00,0.37,125.61
37.06635300,-88.29761900,132.00,0.37,119.43
37.06625800,-88.29740800,132.00,0.37,114.03
37.06618400,-88.29720000,133.00,0.37,112.92
37.06612800,-88.29703400,133.00,0.37,111.20
37.06593300,-88.29640400,130.00,0.37,109.63
37.06579100,-88.29590500,131.00,0.37,108.60
37.06556700,-88.29507100,132.00,0.38,110.11
37.06522800,-88.29391100,119.00,0.38,108.52
37.06510100,-88.29343600,117.00,0.38,106.78
37.06482100,-88.29227200,110.00,0.38,105.70
37.06441600,-88.29046600,106.00,0.38,105.63
37.06437000,-88.29026000,108.00,0.38,104.99
37.06418900,-88.28941300,117.00,0.38,105.81
37.06381300,-88.28774900,124.00,0.38,106.57
37.06368100,-88.28719300,121.00,0.38,110.97
37.06362900,-88.28702300,121.00,0.38,115.62
37.06356700,-88.28686100,125.00,0.38,120.89
37.06349300,-88.28670600,125.00,0.38,125.14
37.06341100,-88.28656000,129.00,0.38,128.95
37.06332200,-88.28642200,129.00,0.38,133.95
37.06321200,-88.28627900,130.00,0.38,138.83
37.06311800,-88.28617600,130.00,0.38,143.90
37.06288600,-88.28596400,134.00,0.38,151.07
37.06262900,-88.28578600,132.00,0.38,155.65
37.06205600,-88.28546100,131.00,0.39,156.70
37.06101100,-88.28489700,130.00,0.39,156.01
37.06063800,-88.28468900,130.00,0.39,157.17
37.06047500,-88.28460300,132.00,0.39,156.22
37.05996600,-88.28432200,130.00,0.39,155.53
37.05983800,-88.28424900,130.00,0.39,154.32
37.05959400,-88.28410200,129.00,0.39,152.80
37.05947600,-88.28402600,129.00,0.39,150.96
37.05936100,-88.28394600,129.00,0.39,148.37
37.05924700,-88.28385800,128.00,0.39,146.61
37.05913200,-88.28376300,127.00,0.39,143.17
37.05901800,-88.28365600,127.00,0.39,140.69
37.05890300,-88.28353800,124.00,0.39,138.69
37.05882400,-88.28345100,119.00,0.39,138.44
37.05878800,-88.28341100,119.00,0.39,136.70
37.05867200,-88.28327400,116.00,0.39,135.27
37.05855600,-88.28313000,115.00,0.39,133.73
37.05844300,-88.28298200,114.00,0.39,132.32
37.05833400,-88.28283200,114.00,0.39,131.72
37.05822800,-88.28268300,116.00,0.39,131.07
37.05812300,-88.28253200,116.00,0.39,130.72
37.05759400,-88.28176200,113.00,0.39,130.84
37.05710900,-88.28105900,106.00,0.39,130.93
37.05682800,-88.28065300,108.00,0.39,131.04
37.05596300,-88.27940800,120.00,0.39,130.70
37.05565000,-88.27895200,119.00,0.39,131.17
37.05540500,-88.27860100,119.00,0.39,131.29
37.05531600,-88.27847400,119.00,0.39,130.31
37.05518400,-88.27827900,121.00,0.39,130.62
37.05509500,-88.27814900,121.00,0.40,129.16
37.05499100,-88.27798900,124.00,0.40,128.24
37.05489100,-88.27783000,124.00,0.40,127.37
37.05469900,-88.27751500,127.00,0.40,126.04
37.05450100,-88.27717400,127.00,0.40,124.95
37.05433700,-88.27688000,125.00,0.40,124.15
37.05416000,-88.27655300,121.00,0.40,122.83
37.05407400,-88.27638600,121.00,0.40,122.22
37.05398900,-88.27621700,121.00,0.40,123.12
37.05390100,-88.27604800,121.00,0.40,121.92
37.05381500,-88.27587500,119.00,0.40,122.37
37.05364200,-88.27553300,120.00,0.40,122.17
37.05338900,-88.27502900,120.00,0.40,121.11
37.05306000,-88.27434600,121.00,0.40,122.07
37.05297300,-88.27417200,120.00,0.40,121.48
37.05288700,-88.27399600,120.00,0.40,123.12
37.05279900,-88.27382700,121.00,0.40,124.94
37.05270700,-88.27366200,121.00,0.40,126.02
37.05261300,-88.27350000,122.00,0.40,128.03
37.05251500,-88.27334300,122.00,0.40,129.40
37.05241600,-88.27319200,124.00,0.40,131.00
37.05231400,-88.27304500,125.00,0.40,132.42
37.05220900,-88.27290100,128.00,0.40,133.76
37.05210200,-88.27276100,127.00,0.40,135.07
37.05205000,-88.27269600,127.00,0.40,135.17
37.05199300,-88.27262500,127.00,0.40,137.13
37.05194400,-88.27256800,130.00,0.40,136.85
37.05188100,-88.27249400,129.00,0.40,140.04
37.05178100,-88.27238900,129.00,0.40,141.61
37.05164600,-88.27225500,130.00,0.40,143.81
37.05152600,-88.27214500,128.00,0.40,145.59
37.05140600,-88.27204200,128.00,0.40,146.90
37.05128600,-88.27194400,126.00,0.40,147.99
37.05116600,-88.27185000,126.00,0.40,149.10
37.05104600,-88.27176000,126.00,0.40,150.55
37.05092300,-88.27167300,126.00,0.40,150.98
37.05028700,-88.27123100,129.00,0.40,151.89
37.05015400,-88.27114200,131.00,0.40,151.45
37.04988700,-88.27096000,134.00,0.40,150.05
37.04975400,-88.27086400,134.00,0.40,148.59
37.04962200,-88.27076300,134.00,0.40,145.28
37.04949300,-88.27065100,134.00,0.40,143.44
37.04936600,-88.27053300,133.00,0.40,140.73
37.04924300,-88.27040700,133.00,0.41,139.57
37.04887300,-88.27001200,132.00,0.41,139.14
37.04862200,-88.26974000,133.00,0.41,138.64
37.04849600,-88.26960100,133.00,0.41,139.71
37.04823800,-88.26932700,134.00,0.41,139.26
37.04798600,-88.26905500,138.00,0.41,138.57
37.04786300,-88.26891900,138.00,0.41,138.07
37.04758400,-88.26860500,139.00,0.41,137.97
37.04749900,-88.26850900,136.00,0.41,138.90
37.04701500,-88.26798000,136.00,0.41,139.80
37.04689600,-88.26785400,134.00,0.41,140.71
37.04677700,-88.26773200,135.00,0.41,142.82
37.04665600,-88.26761700,134.00,0.41,146.71
37.04653200,-88.26751500,134.00,0.41,151.80
37.04640400,-88.26742900,135.00,0.41,156.18
37.04627200,-88.26735600,133.00,0.41,160.77
37.04613700,-88.26729700,133.00,0.41,166.13
37.04599800,-88.26725400,134.00,0.41,171.25
37.04585800,-88.26722700,134.00,0.41,175.82
37.04571600,-88.26721400,136.00,0.41,179.68
37.04557400,-88.26721300,136.00,0.41,184.50
37.04543200,-88.26722700,136.00,0.41,189.32
37.04529100,-88.26725600,136.00,0.41,194.08
37.04515100,-88.26730000,137.00,0.41,198.84
37.04501300,-88.26735900,137.00,0.41,203.60
37.04487600,-88.26743400,138.00,0.41,208.28
37.04473800,-88.26752700,140.00,0.41,213.63
37.04460600,-88.26763700,143.00,0.41,217.69
37.04448100,-88.26775800,143.00,0.41,220.16
37.04423700,-88.26801600,146.00,0.41,219.57
37.04395300,-88.26831000,144.00,0.41,217.91
37.04374800,-88.26851000,142.00,0.41,214.97
37.04356200,-88.26867300,140.00,0.41,219.93
37.04339700,-88.26884600,140.00,0.41,208.58
37.04327100,-88.26893200,139.00,0.41,205.30
37.04314100,-88.26900900,139.00,0.41,201.17
37.04300700,-88.26907400,140.00,0.41,195.65
37.04295000,-88.26909400,140.00,0.41,195.76
37.04286800,-88.26912300,140.00,0.41,190.44
37.04272500,-88.26915600,140.00,0.41,186.51
37.04257800,-88.26917700,140.00,0.41,182.78
37.04243000,-88.26918600,138.00,0.41,178.76
37.04228200,-88.26918200,138.00,0.41,174.46
37.04213400,-88.26916400,136.00,0.41,170.45
37.04198700,-88.26913300,136.00,0.41,166.77
37.04184100,-88.26909000,136.00,0.41,167.96
37.04169500,-88.26905100,136.00,0.41,158.24
37.04154700,-88.26897700,131.00,0.41,161.83
37.04133300,-88.26888900,125.00,0.42,159.54
37.04082800,-88.26865300,128.00,0.42,158.33
37.04011700,-88.26829900,130.00,0.42,159.16
37.03950900,-88.26800900,137.00,0.42,158.70
37.03783600,-88.26719200,135.00,0.42,158.82
37.03628500,-88.26643900,129.00,0.42,158.93
37.03383600,-88.26525700,125.00,0.42,159.02
37.03300100,-88.26485600,120.00,0.42,158.14
37.03243800,-88.26457300,120.00,0.43,155.58
37.03179100,-88.26420500,119.00,0.43,153.49
37.03135400,-88.26393200,110.00,0.43,150.94
37.03055800,-88.26337800,121.00,0.43,149.65
37.02985300,-88.26286100,117.00,0.43,147.59
37.02968700,-88.26272900,125.00,0.43,147.08
37.02935900,-88.26246300,124.00,0.43,142.39
37.02867600,-88.26180400,125.00,0.43,140.51
37.02817900,-88.26129100,126.00,0.43,136.73
37.02763800,-88.26065300,129.00,0.43,134.23
37.02646900,-88.25914900,124.00,0.43,134.16
37.02594800,-88.25847700,125.00,0.43,136.62
37.02585000,-88.25836100,125.00,0.43,144.46
37.02558400,-88.25812300,124.00,0.43,137.69
37.02537000,-88.25787900,125.00,0.43,141.52
37.02513500,-88.25764500,121.00,0.44,138.78
37.02495000,-88.25744200,126.00,0.44,0.00
37.02495000,-88.25744200,126.00,0.44,138.75
37.02477700,-88.25725200,126.00,0.44,137.58
37.02460400,-88.25705400,128.00,0.44,142.26
37.02450600,-88.25695900,128.00,0.44,144.33
37.02440700,-88.25687000,120.00,0.44,147.18
37.02430300,-88.25678600,120.00,0.44,148.44
37.02419900,-88.25670600,120.00,0.44,150.31
37.02409400,-88.25663100,121.00,0.44,155.55
37.02328800,-88.25617200,116.00,0.44,158.63
37.02318600,-88.25612200,116.00,0.44,175.85
37.02310900,-88.25611500,116.00,0.44,196.22
37.02296900,-88.25616600,116.00,0.44,223.64
37.02203700,-88.25727900,123.00,0.44,223.73
37.02156800,-88.25784100,126.00,0.44,224.48
37.02091100,-88.25864900,132.00,0.44,222.31
37.02059000,-88.25901500,135.00,0.44,233.12
37.02047500,-88.25920700,133.00,0.44,233.85
37.02039100,-88.25935100,133.00,0.44,237.09
37.02031400,-88.25950000,136.00,0.44,237.78
37.02023300,-88.25966100,139.00,0.44,240.35
37.02016800,-88.25980400,136.00,0.44,240.35
37.02009300,-88.25996900,136.00,0.44,242.82
37.02002700,-88.26013000,131.00,0.44,245.71
37.01997800,-88.26026600,129.00,0.44,247.07
37.01990100,-88.26049400,128.00,0.44,248.77
37.01983400,-88.26071000,129.00,0.44,250.95
37.01978300,-88.26089500,130.00,0.44,251.01
37.01973300,-88.26107700,130.00,0.44,252.29
37.01969400,-88.26123000,135.00,0.44,257.88
37.01967600,-88.26133500,135.00,0.44,259.21
37.01965500,-88.26147300,135.00,0.44,260.67
37.01963900,-88.26159500,135.00,0.44,262.71
37.01962500,-88.26173200,134.00,0.44,264.59
37.01961200,-88.26190400,134.00,0.44,264.97
37.01959900,-88.26208900,133.00,0.44,268.07
37.01959400,-88.26227500,134.00,0.45,269.54
37.01958300,-88.26397200,131.00,0.45,269.44
37.01955800,-88.26717200,123.00,0.45,267.77
37.01955100,-88.26739700,119.00,0.45,266.05
37.01954300,-88.26754200,119.00,0.45,262.60
37.01952600,-88.26770600,119.00,0.45,256.67
37.01949800,-88.26785400,123.00,0.45,254.66
37.01946800,-88.26799100,123.00,0.45,250.21
37.01941800,-88.26816500,123.00,0.45,245.07
37.01935900,-88.26832400,123.00,0.45,242.95
37.01930600,-88.26845400,128.00,0.45,236.71
37.01924100,-88.26857800,128.00,0.45,232.46
37.01916800,-88.26869700,130.00,0.45,225.36
37.01904500,-88.26885300,128.00,0.45,221.15
37.01887600,-88.26903800,127.00,0.45,216.77
37.01868900,-88.26921300,127.00,0.45,217.57
37.01855200,-88.26934500,120.00,0.45,0.00
37.01855200,-88.26934500,120.00,0.46,217.60
37.01198400,-88.27568000,101.00,0.47,218.24
37.00823300,-88.27938200,117.00,0.47,216.94
37.00556500,-88.28189400,115.00,0.47,217.45
37.00382800,-88.28356000,114.00,0.47,217.31
37.00306100,-88.28429200,109.00,0.47,206.66
37.00289400,-88.28439700,110.00,0.47,222.89
37.00266100,-88.28466800,111.00,0.47,219.78
37.00249600,-88.28484000,114.00,0.47,222.87
37.00230500,-88.28506200,114.00,0.47,225.89
37.00220900,-88.28518600,116.00,0.48,231.25
37.00213400,-88.28530300,115.00,0.48,236.46
37.00206200,-88.28543900,115.00,0.48,240.44
37.00195600,-88.28567300,114.00,0.48,246.81
37.00191700,-88.28578700,115.00,0.48,250.94
37.00185300,-88.28601900,115.00,0.48,255.67
37.00181200,-88.28622000,114.00,0.48,261.32
37.00179700,-88.28634300,114.00,0.48,267.24
37.00178300,-88.28670600,111.00,0.48,271.03
37.00179100,-88.28726500,112.00,0.48,271.44
37.00180100,-88.28776300,113.00,0.48,271.77
37.00180500,-88.28792500,113.00,0.48,272.34
37.00188800,-88.29047000,116.00,0.48,272.33
37.00193100,-88.29179600,118.00,0.48,272.70
37.00197200,-88.29288500,115.00,0.48,272.21
37.00204300,-88.29519100,115.00,0.49,275.92
37.00207800,-88.29561400,115.00,0.49,275.21
37.00214500,-88.29653400,108.00,0.49,276.20
37.00218700,-88.29701800,116.00,0.49,275.11
37.00220000,-88.29720000,116.00,0.49,274.85
37.00220400,-88.29725900,120.00,0.49,274.73
37.00222600,-88.29759200,124.00,0.49,274.20
37.00225500,-88.29808700,118.00,0.49,272.79
37.00228000,-88.29872900,120.00,0.49,271.58
37.00229300,-88.29932100,121.00,0.49,270.45
37.00229700,-88.29995300,122.00,0.49,270.20
37.00229900,-88.30066700,122.00,0.49,270.17
37.00230100,-88.30151800,121.00,0.49,272.00
37.00231600,-88.30205700,121.00,0.49,272.29
37.00235100,-88.30315300,119.00,0.49,272.42
37.00239500,-88.30445500,121.00,0.49,272.56
37.00240700,-88.30479100,121.00,0.50,272.44
37.00244900,-88.30602600,111.00,0.50,272.38
37.00246500,-88.30650800,111.00,0.50,272.26
37.00247700,-88.30688800,111.00,0.50,272.35
37.00249500,-88.30743800,109.00,0.50,272.36
37.00251200,-88.30795500,106.00,0.50,272.54
37.00251600,-88.30806800,105.00,0.50,0.00
37.00251600,-88.30806800,105.00,0.50,272.49
37.00252200,-88.30824100,105.00,0.50,272.37
37.00254500,-88.30893800,105.00,0.50,272.04
37.00257500,-88.30999300,106.00,0.50,271.34
37.00259200,-88.31090400,109.00,0.50,268.35
37.00258100,-88.31138200,108.00,0.50,272.21
37.00259100,-88.31170700,104.00,0.50,272.04
37.00260800,-88.31230600,102.00,0.50,274.47
37.00260900,-88.31232200,102.00,0.50,272.67
37.00263300,-88.31296700,104.00,0.50,273.26
37.00263400,-88.31298900,104.00,0.50,270.00
37.00263400,-88.31299000,104.00,0.51,272.27
37.00271800,-88.31563900,105.00,0.51,272.47
37.00273600,-88.31616100,105.00,0.51,272.67
37.00274200,-88.31632200,105.00,0.51,272.10
37.00275000,-88.31659500,105.00,0.51,272.51
37.00279700,-88.31793800,104.00,0.51,271.89
37.00279800,-88.31797600,104.00,0.51,272.20
37.00282100,-88.31872600,106.00,0.51,271.82
37.00283100,-88.31912000,107.00,0.51,272.18
37.00283900,-88.31938300,106.00,0.51,272.76
37.00284400,-88.31951300,106.00,0.51,270.00
37.00284400,-88.31970500,106.00,0.51,271.78
37.00286300,-88.32047000,104.00,0.51,280.42
37.00292100,-88.32086500,105.00,0.51,272.94
37.00296800,-88.32201300,103.00,0.51,273.34
37.00299000,-88.32248500,104.00,0.51,273.24
37.00301100,-88.32294900,105.00,0.51,271.67
37.00301800,-88.32325000,104.00,0.51,272.54
37.00305900,-88.32440700,105.00,0.51,272.56
37.00306700,-88.32463100,103.00,0.51,272.66
37.00307200,-88.32476600,102.00,0.51,272.56
37.00308000,-88.32499000,102.00,0.52,272.49
37.00314500,-88.32686200,108.00,0.52,272.15
37.00321200,-88.32909600,118.00,0.52,261.48
37.00316200,-88.32951400,115.00,0.52,273.83
37.00321700,-88.33054400,115.00,0.52,272.86
37.00330100,-88.33264800,111.00,0.52,272.95
37.00333700,-88.33352400,112.00,0.52,272.88
37.00336100,-88.33412100,110.00,0.53,272.85
37.00347400,-88.33696000,110.00,0.53,272.88
37.00350100,-88.33763100,110.00,0.53,272.93
37.00359600,-88.33995300,110.00,0.53,273.58
37.00381400,-88.34432200,112.00,0.53,273.66
37.00384000,-88.34483100,110.00,0.53,273.19
37.00384200,-88.34487600,110.00,0.53,272.73
37.00384900,-88.34506000,109.00,0.54,272.55
37.00386700,-88.34556600,113.00,0.54,273.36
37.00389300,-88.34612000,117.00,0.54,272.84
37.00389700,-88.34622100,117.00,0.54,272.87
37.00390100,-88.34632100,117.00,0.54,272.92
37.00391400,-88.34664000,118.00,0.54,272.82
37.00394200,-88.34735200,118.00,0.54,272.75
37.00397100,-88.34810800,119.00,0.54,272.83
37.00398100,-88.34836100,120.00,0.54,272.69
37.00399400,-88.34870800,121.00,0.54,272.91
37.00400500,-88.34897900,123.00,0.54,271.83
37.00409600,-88.35255000,135.00,0.54,272.59
37.00413600,-88.35365600,139.00,0.54,272.58
37.00414800,-88.35399000,139.00,0.54,271.66
37.00415900,-88.35446400,136.00,0.55,271.27
37.00423100,-88.35852300,142.00,0.55,271.82
37.00431100,-88.36168200,142.00,0.55,271.79
37.00433500,-88.36264600,136.00,0.55,271.61
37.00437200,-88.36429200,129.00,0.55,271.48
37.00439000,-88.36516200,132.00,0.56,271.50
37.00441600,-88.36640700,131.00,0.56,272.03
37.00442400,-88.36669000,131.00,0.56,271.60
37.00447000,-88.36875900,134.00,0.56,271.66
37.00455700,-88.37252800,137.00,0.57,271.58
37.00463800,-88.37621000,132.00,0.57,271.65
37.00470400,-88.37907300,130.00,0.57,271.79
37.00477200,-88.38179800,131.00,0.58,271.45
37.00484300,-88.38531400,127.00,0.58,271.86
37.00487900,-88.38670100,125.00,0.58,271.64
37.00495000,-88.38980500,110.00,0.58,271.74
37.00499100,-88.39149600,107.00,0.58,271.72
37.00504300,-88.39366900,109.00,0.59,271.59
37.00519000,-88.40031700,121.00,0.59,271.45
37.00521200,-88.40140200,121.00,0.59,271.76
37.00527300,-88.40389300,112.00,0.60,271.50
37.00532000,-88.40614000,109.00,0.60,271.86
37.00533700,-88.40679600,107.00,0.60,271.54
37.00545700,-88.41239300,114.00,0.60,271.60
37.00547800,-88.41333500,115.00,0.60,272.02
37.00550500,-88.41429600,113.00,0.60,270.66
37.00551000,-88.41484100,112.00,0.61,271.64
37.00557900,-88.41785700,117.00,0.61,271.58
37.00558800,-88.41826500,117.00,0.61,271.54
37.00564200,-88.42078200,117.00,0.61,271.43
37.00566100,-88.42173300,120.00,0.61,272.36
37.00569500,-88.42276500,121.00,0.61,274.12
37.00574500,-88.42363500,122.00,0.61,276.40
37.00580500,-88.42430500,119.00,0.62,278.51
37.00610100,-88.42678200,112.00,0.62,278.60
37.00636600,-88.42897700,108.00,0.62,277.16
37.00643500,-88.42966500,107.00,0.62,274.75
37.00648900,-88.43047900,102.00,0.62,272.70
37.00652000,-88.43130100,102.00,0.62,270.09
37.00652100,-88.43211600,103.00,0.62,268.38
37.00651800,-88.43224900,103.00,0.62,268.57
37.00648900,-88.43370100,107.00,0.63,268.12
37.00642100,-88.43629300,108.00,0.63,270.92
37.00642600,-88.43668100,105.00,0.63,268.57
37.00638400,-88.43878400,104.00,0.63,268.62
37.00635800,-88.44013500,108.00,0.63,270.09
37.00635900,-88.44095300,111.00,0.63,271.58
37.00637100,-88.44149800,113.00,0.64,271.60
37.00650900,-88.44768900,119.00,0.64,271.70
37.00662000,-88.45238800,112.00,0.65,271.73
37.00673200,-88.45704800,116.00,0.65,271.54
37.00674200,-88.45751400,115.00,0.65,271.71
37.00689700,-88.46402100,122.00,0.66,271.64
37.00692300,-88.46515600,118.00,0.66,271.69
37.00700100,-88.46847600,109.00,0.66,272.55
37.00715900,-88.47291700,111.00,0.67,272.64
37.00732700,-88.47749000,116.00,0.67,272.64
37.00746500,-88.48123400,107.00,0.67,272.77
37.00751100,-88.48242300,106.00,0.67,272.59
37.00757000,-88.48405900,107.00,0.67,273.65
37.00758100,-88.48427500,108.00,0.68,272.54
37.00769500,-88.48748900,113.00,0.68,272.71
37.00789300,-88.49273900,114.00,0.69,272.53
37.00805800,-88.49742300,114.00,0.69,273.52
37.00809300,-88.49813500,114.00,0.69,275.06
37.00813300,-88.49870100,113.00,0.69,276.33
37.00817800,-88.49920900,114.00,0.69,278.01
37.00824800,-88.49983200,116.00,0.69,279.42
37.00841400,-88.50108500,115.00,0.69,279.32
37.00851500,-88.50185600,112.00,0.69,286.87
37.00858400,-88.50214100,111.00,0.69,284.88
37.00861200,-88.50227300,111.00,0.69,281.15
37.00879700,-88.50344800,117.00,0.69,280.33
37.00882000,-88.50360600,117.00,0.69,279.70
37.00896100,-88.50463900,115.00,0.70,279.59
37.00906000,-88.50537300,118.00,0.70,0.00
37.00906000,-88.50537300,118.00,0.70,279.61
37.00910300,-88.50569100,117.00,0.70,279.49
37.00924400,-88.50674700,120.00,0.70,279.23
37.00930600,-88.50722500,119.00,0.70,279.53
37.00946200,-88.50838900,119.00,0.70,279.17
37.00954100,-88.50900200,121.00,0.70,279.15
37.00956300,-88.50917300,121.00,0.70,279.67
37.00961400,-88.50954800,121.00,0.70,279.32
37.00975700,-88.51063900,122.00,0.70,279.87
37.00978200,-88.51081900,122.00,0.70,279.12
37.00990200,-88.51175500,120.00,0.70,279.60
37.00994900,-88.51210300,119.00,0.70,281.10
37.00998300,-88.51232000,119.00,0.70,279.89
37.01005900,-88.51286600,122.00,0.70,278.45
37.01008900,-88.51311900,121.00,0.70,282.78
37.01018300,-88.51363800,117.00,0.70,283.57
37.01028300,-88.51415700,116.00,0.70,284.95
37.01033800,-88.51441500,117.00,0.70,286.04
37.01039700,-88.51467200,118.00,0.71,286.68
37.01045800,-88.51492700,117.00,0.71,287.13
37.01052100,-88.51518300,116.00,0.71,287.83
37.01058700,-88.51544000,115.00,0.71,288.65
37.01065600,-88.51569600,113.00,0.71,289.40
37.01072800,-88.51595200,112.00,0.71,290.29
37.01080300,-88.51620600,112.00,0.71,291.11
37.01088100,-88.51645900,119.00,0.71,293.14
37.01096800,-88.51671400,118.00,0.71,292.82
37.01105200,-88.51696400,112.00,0.71,293.56
37.01113800,-88.51721100,120.00,0.71,294.29
37.01122700,-88.51745800,114.00,0.71,295.33
37.01132000,-88.51770400,111.00,0.71,295.95
37.01141600,-88.51795100,108.00,0.71,294.73
37.01150500,-88.51819300,106.00,0.71,297.40
37.01160600,-88.51843700,106.00,0.71,298.29
37.01171000,-88.51867900,104.00,0.71,299.18
37.01181700,-88.51891900,105.00,0.71,300.06
37.01188400,-88.51906400,105.00,0.71,300.03
37.01192600,-88.51915500,105.00,0.71,300.83
37.01203800,-88.51939000,106.00,0.71,301.61
37.01215200,-88.51962200,105.00,0.71,302.34
37.01219700,-88.51971100,105.00,0.71,301.87
37.01226800,-88.51985400,104.00,0.71,302.86
37.01231700,-88.51994900,104.00,0.71,302.82
37.01238600,-88.52008300,104.00,0.71,303.91
37.01248800,-88.52027300,104.00,0.71,304.87
37.01263600,-88.52053900,105.00,0.71,306.41
37.01274200,-88.52071900,106.00,0.71,306.35
37.01303400,-88.52121600,107.00,0.71,307.40
37.01312800,-88.52137000,105.00,0.71,308.03
37.01330600,-88.52165500,107.00,0.71,309.20
37.01344600,-88.52187000,107.00,0.71,310.65
37.01359000,-88.52208000,109.00,0.71,311.32
37.01373600,-88.52228800,110.00,0.71,311.98
37.01388400,-88.52249400,110.00,0.71,312.73
37.01403300,-88.52269600,111.00,0.71,313.44
37.01415400,-88.52285600,112.00,0.71,313.92
37.01433700,-88.52309400,114.00,0.71,314.54
37.01449100,-88.52329000,113.00,0.71,315.53
37.01464800,-88.52348300,114.00,0.71,316.52
37.01480800,-88.52367300,117.00,0.72,317.03
37.01497000,-88.52386200,117.00,0.72,317.86
37.01513500,-88.52404900,118.00,0.72,321.39
37.01514300,-88.52405700,118.00,0.72,319.22
37.01530500,-88.52423200,116.00,0.72,319.96
37.01547700,-88.52441300,116.00,0.72,320.44
37.01565100,-88.52459300,116.00,0.72,321.08
37.01582600,-88.52477000,117.00,0.72,322.34
37.01600500,-88.52494300,119.00,0.72,323.12
37.01618700,-88.52511400,120.00,0.72,323.76
37.01637000,-88.52528200,121.00,0.72,324.54
37.01655500,-88.52544700,119.00,0.72,325.61
37.01670200,-88.52557300,118.00,0.72,325.16
37.01674100,-88.52560700,118.00,0.72,326.08
37.01679800,-88.52565500,118.00,0.72,326.16
37.01692900,-88.52576500,118.00,0.72,327.53
37.01712100,-88.52591800,120.00,0.72,328.39
37.01740900,-88.52614000,121.00,0.72,328.66
37.01770400,-88.52636500,120.00,0.72,329.64
37.01790300,-88.52651100,116.00,0.72,330.73
37.01811100,-88.52665700,113.00,0.72,331.92
37.01831600,-88.52679400,114.00,0.72,332.95
37.01852400,-88.52692700,112.00,0.72,333.72
37.01873100,-88.52705500,111.00,0.72,334.98
37.01893800,-88.52717600,112.00,0.72,335.60
37.01911400,-88.52727600,115.00,0.72,334.84
37.01914800,-88.52729600,115.00,0.72,336.86
37.01957200,-88.52752300,121.00,0.72,338.24
37.01964600,-88.52756000,121.00,0.72,337.81
37.01978500,-88.52763100,122.00,0.72,338.70
37.02021100,-88.52783900,125.00,0.72,338.42
37.02042300,-88.52794400,125.00,0.72,338.79
37.02063700,-88.52804800,124.00,0.72,338.38
37.02192600,-88.52868800,120.00,0.72,338.36
37.02208900,-88.52876900,118.00,0.73,338.08
37.02469800,-88.53008400,116.00,0.73,338.12
37.02502200,-88.53024700,117.00,0.73,338.72
37.02567600,-88.53056600,117.00,0.73,339.20
37.02638200,-88.53090200,119.00,0.73,338.80
37.02752000,-88.53145500,119.00,0.73,338.54
37.02818000,-88.53178000,121.00,0.73,338.44
37.02828100,-88.53183000,121.00,0.73,338.31
37.02911000,-88.53224300,120.00,0.73,338.64
37.02975500,-88.53255900,120.00,0.73,339.21
37.03018600,-88.53276400,119.00,0.73,339.24
37.03076500,-88.53303900,119.00,0.73,338.79
37.03141300,-88.53335400,121.00,0.74,339.04
37.03232800,-88.53379300,120.00,0.74,342.37
37.03253400,-88.53387500,122.00,0.74,345.94
37.03272200,-88.53393400,121.00,0.74,345.87
37.03285200,-88.53397500,122.00,0.74,350.65
37.03324000,-88.53405500,122.00,0.74,350.65
37.03340000,-88.53408800,121.00,0.74,353.94
37.03358800,-88.53411300,121.00,0.74,356.25
37.03380700,-88.53413100,118.00,0.74,357.17
37.03419400,-88.53415500,117.00,0.74,352.51
37.03453400,-88.53421100,117.00,0.74,349.19
37.03476400,-88.53426600,118.00,0.74,343.97
37.03501400,-88.53435600,118.00,0.74,340.20
37.03526900,-88.53447100,116.00,0.74,338.66
37.03550600,-88.53458700,119.00,0.74,333.78
37.03560000,-88.53464500,119.00,0.74,333.69
37.03571300,-88.53471500,119.00,0.74,330.17
37.03582300,-88.53479400,119.00,0.74,330.17
37.03592600,-88.53486800,118.00,0.74,328.83
37.03615300,-88.53504000,120.00,0.74,322.41
37.03632100,-88.53520200,120.00,0.74,320.66
37.03650700,-88.53539300,118.00,0.74,317.49
37.03668900,-88.53560200,115.00,0.74,312.85
37.03690000,-88.53588700,112.00,0.74,309.21
37.03705500,-88.53612500,110.00,0.74,304.73
37.03719000,-88.53636900,110.00,0.74,302.93
37.03729600,-88.53657400,111.00,0.74,298.47
37.03745700,-88.53694600,107.00,0.74,297.13
37.03773100,-88.53761600,107.00,0.74,297.12
37.03794200,-88.53813200,108.00,0.74,297.36
37.03807500,-88.53845400,108.00,0.74,296.82
37.03834500,-88.53912300,108.00,0.74,297.55
37.03850200,-88.53950000,107.00,0.74,306.49
37.03862600,-88.53971000,104.00,0.75,300.39
37.03887600,-88.54024400,104.00,0.75,306.23
37.03953400,-88.54136900,105.00,0.75,309.18
37.03981500,-88.54180100,103.00,0.75,309.30
37.04136200,-88.54416900,106.00,0.75,308.95
37.04302900,-88.54675300,101.00,0.75,309.61
37.04388900,-88.54805500,103.00,0.76,309.59
37.04428500,-88.54865500,103.00,0.76,304.40
37.04493000,-88.54983500,104.00,0.76,295.62
37.04542800,-88.55113600,105.00,0.76,288.41
37.04573900,-88.55230700,106.00,0.76,286.44
37.04579600,-88.55254900,105.00,0.76,286.30
37.04603100,-88.55355600,103.00,0.76,286.13
37.04666900,-88.55632000,114.00,0.77,286.28
37.04728000,-88.55894200,106.00,0.77,285.94
37.04754200,-88.56009100,109.00,0.77,286.02
37.04764400,-88.56053600,109.00,0.77,286.94
37.04806700,-88.56227600,104.00,0.77,286.85
37.04816200,-88.56266900,104.00,0.77,292.92
37.04846600,-88.56357000,106.00,0.77,299.08
37.04855700,-88.56377500,106.00,0.77,299.06
37.04872600,-88.56415600,107.00,0.77,299.22
37.04877600,-88.56426800,107.00,0.77,302.50
37.04910600,-88.56491700,106.00,0.77,302.66
37.04928300,-88.56526300,104.00,0.77,23.10
37.04941400,-88.56519300,104.00,0.77,23.00
37.04983900,-88.56496700,106.00,0.77,16.23
37.04999800,-88.56490900,106.00,0.77,10.84
37.05022300,-88.56485500,106.00,0.77,7.39
37.05117700,-88.56470000,105.00,0.78,7.38
37.05178100,-88.56460200,98.00,0.78,5.59
37.05222100,-88.56454800,103.00,0.78,0.46
37.05252100,-88.56454500,105.00,0.78,356.91
37.05266900,-88.56455500,105.00,0.78,353.56
37.05295900,-88.56459600,103.00,0.78,350.06
37.05317300,-88.56464300,106.00,0.78,346.89
37.05338200,-88.56470400,110.00,0.78,343.53
37.05346300,-88.56473400,108.00,0.78,343.58
37.05359300,-88.56478200,108.00,0.78,339.74
37.05387400,-88.56491200,108.00,0.78,336.13
37.05408500,-88.56502900,106.00,0.78,333.16
37.05423800,-88.56512600,106.00,0.78,329.07
37.05456300,-88.56537000,107.00,0.78,325.47
37.05462100,-88.56542000,107.00,0.78,325.02
37.05469400,-88.56548400,107.00,0.78,322.29
37.05488600,-88.56567000,107.00,0.78,318.28
37.05544000,-88.56628900,109.00,0.78,317.72
37.05698800,-88.56805300,111.00,0.78,317.70
37.05790900,-88.56910300,111.00,0.78,314.92
37.05809600,-88.56933800,111.00,0.78,312.11
37.05821500,-88.56950300,110.00,0.78,309.22
37.05844100,-88.56985000,108.00,0.78,305.75
37.05864900,-88.57021200,105.00,0.79,302.58
37.05903200,-88.57096300,104.00,0.79,302.39
37.05951700,-88.57192100,104.00,0.79,302.39
37.06068600,-88.57423000,104.00,0.79,302.19
37.06121300,-88.57527900,104.00,0.79,302.34
37.06169300,-88.57622900,103.00,0.79,302.35
37.06311500,-88.57904300,104.00,0.79,302.07
37.06317900,-88.57917100,102.00,0.80,303.72
37.06340800,-88.57960100,103.00,0.80,307.83
37.06350900,-88.57976400,106.00,0.80,311.65
37.06361900,-88.57991900,106.00,0.80,315.02
37.06373400,-88.58006300,107.00,0.80,318.83
37.06385900,-88.58020000,107.00,0.80,323.25
37.06406100,-88.58038900,104.00,0.80,328.17
37.06420500,-88.58050100,102.00,0.80,331.91
37.06435300,-88.58060000,102.00,0.80,335.93
37.06459600,-88.58073600,102.00,0.80,339.36
37.06560000,-88.58121000,100.00,0.80,337.50
37.06591400,-88.58137300,100.00,0.80,338.72
37.06735400,-88.58207600,101.00,0.80,337.24
37.06754800,-88.58217800,102.00,0.80,335.83
37.06759600,-88.58220500,102.00,0.80,328.04
37.06805000,-88.58256000,103.00,0.80,314.48
37.06817300,-88.58271700,104.00,0.80,314.41
37.06839500,-88.58300100,110.00,0.80,304.42
37.06907800,-88.58425000,106.00,0.80,304.24
37.06965800,-88.58531800,103.00,0.80,311.61
37.06994000,-88.58571600,100.00,0.80,318.13
37.07021600,-88.58602600,101.00,0.81,326.92
37.07053200,-88.58628400,104.00,0.81,332.05
37.07116200,-88.58670300,104.00,0.81,333.01
37.07167900,-88.58703300,105.00,0.81,333.13
37.07257800,-88.58760400,103.00,0.81,333.39
37.07536800,-88.58935600,103.00,0.81,333.38
37.07776100,-88.59085900,102.00,0.82,333.42
37.07979700,-88.59213600,102.00,0.82,335.54
37.08062300,-88.59260700,103.00,0.82,333.08
37.08084300,-88.59274700,103.00,0.82,333.23
37.08186000,-88.59339000,100.00,0.82,333.25
37.08244400,-88.59375900,102.00,0.82,0.00
37.08244400,-88.59375900,102.00,0.82,333.20
37.08297300,-88.59409400,103.00,0.82,333.25
37.08421400,-88.59487800,102.00,0.82,332.68
37.08519000,-88.59551000,103.00,0.82,333.72
37.08621600,-88.59614500,103.00,0.82,333.34
37.08673400,-88.59647100,104.00,0.82,333.35
37.08722200,-88.59677800,105.00,0.83,63.08
37.08764900,-88.59572400,105.00,0.83,63.31
37.08773200,-88.59551700,105.00,0.83,62.90
37.08775200,-88.59546800,105.00,0.83,63.28
37.08789900,-88.59510200,105.00,0.83,63.06
37.08798900,-88.59488000,104.00,0.83,63.33
37.08810000,-88.59460300,102.00,0.83,58.74
37.08823800,-88.59431800,102.00,0.83,57.92
37.08826700,-88.59426000,102.00,0.83,356.91
37.08834100,-88.59426500,100.00,0.83,333.62
37.08857100,-88.59440800,100.00,0.83,0.00
37.08857100,-88.59440800,100.00,0.83,333.41
37.08888500,-88.59460500,103.00,0.83,333.98
37.08908600,-88.59472800,101.00,0.83,327.80
37.08916200,-88.59478800,101.00,0.83,301.24
37.08919200,-88.59485000,100.00,0.83,300.89
37.08921300,-88.59489400,100.00,0.83,276.60
37.08921900,-88.59495900,100.00,0.83,259.17
37.08921000,-88.59501800,101.00,0.83,246.66
37.08916800,-88.59514000,101.00,0.83,243.19
37.08875400,-88.59616700,104.00,0.83,333.23
37.08975800,-88.59680200,102.00,0.83,63.01
